width 15
height 15
blockSize 10
bigTile 13 8 1 2 door.png
bigTile 1 2 1 4 counter.png
bigTile 1 9 1 4 counter.png
tp 14 8 spawn.txt 3 14
1 1 1 1 1 1 1 1 1 1 1 1 1 1 1
1 4 4 4 4 4 4 4 4 4 4 4 4 4 1
1 4 4 4 4 4 4 4 4 4 4 4 4 4 1
1 4 4 4 4 4 4 4 4 4 4 4 4 4 1
1 4 4 4 4 4 4 4 4 4 4 4 4 4 1
1 4 4 4 4 4 4 4 4 4 4 4 4 4 1
1 4 4 4 4 4 4 4 4 4 4 4 4 4 1
1 4 4 4 4 4 4 4 4 4 4 4 4 2 1
1 4 4 4 4 4 4 4 4 4 4 4 4 4 1
1 4 4 4 4 4 4 4 4 4 4 4 4 4 1
1 4 4 4 4 4 4 4 4 4 4 4 4 4 1
1 4 4 4 4 4 4 4 4 4 4 4 4 4 1
1 4 4 4 4 4 4 4 4 4 4 4 4 4 1
1 4 4 4 4 4 4 4 4 4 4 4 4 4 1
1 1 1 1 1 1 1 1 1 1 1 1 1 1 1