width 15
height 15
blockSize 10
bigTile 1 8 1 2 door.png 
bigTile 7 7 3 3 tableChairs.png
tp 2 8 spawn.txt 27 14
1 1 1 1 1 1 1 1 1 1 1 1 1 1 1
1 4 4 4 4 4 4 4 4 4 4 4 4 4 1
1 4 4 4 4 4 4 4 4 4 4 4 4 4 1
1 4 4 4 4 4 4 4 4 4 4 4 4 4 1
1 4 4 4 4 4 4 4 4 4 4 4 4 4 1
1 4 4 4 4 4 4 4 4 4 4 4 4 4 1
1 4 4 4 4 4 4 4 4 4 4 4 4 4 1
1 2 4 4 4 4 4 4 4 4 4 4 4 4 1
1 4 4 4 4 4 4 4 4 4 4 4 4 4 1
1 4 4 4 4 4 4 4 4 4 4 4 4 4 1
1 4 4 4 4 4 4 4 4 4 4 4 4 4 1
1 4 4 4 4 4 4 4 4 4 4 4 4 4 1
1 4 4 4 4 4 4 4 4 4 4 4 4 4 1
1 4 4 4 4 4 4 4 4 4 4 4 4 4 1
1 1 1 1 1 1 1 1 1 1 1 1 1 1 1