width 15
height 15
blockSize 10
bigTile 8 1 1 2 door.png
tp 8 2 spawn.txt 14 27
1 1 1 1 1 1 1 1 1 1 1 1 1 1 1
1 5 5 5 5 5 5 5 5 5 5 5 5 5 1
1 5 5 5 5 5 5 5 5 5 5 5 5 5 1
1 5 5 5 5 5 5 5 5 5 5 5 5 5 1
1 5 5 5 5 5 5 5 5 5 5 5 5 5 1
1 5 5 5 5 5 5 5 5 5 5 5 5 5 1
1 5 5 5 5 5 5 5 5 5 5 5 5 5 1
1 5 5 5 5 5 5 5 5 5 5 5 5 5 1
1 5 5 5 5 5 5 5 5 5 5 5 5 5 1
1 5 5 5 5 5 5 5 5 5 5 5 5 5 1
1 5 5 5 5 5 5 5 5 5 5 5 5 5 1
1 5 5 5 5 5 5 5 5 5 5 5 5 5 1
1 5 5 5 5 5 5 5 5 5 5 5 5 5 1
1 5 5 5 5 5 5 5 2 5 5 5 5 5 1
1 1 1 1 1 1 1 1 1 1 1 1 1 1 1